98 20
40
0.0883857 -0.409194 2.37419 1
0.533229 0.705119 18992 0
0.0808582 -0.351478 2.4228 1
0.529789 0.672653 19376 0
0.0791972 -0.0287281 2.41002 1
0.529332 0.514187 19280 0
0.0984883 0.175299 2.39221 1
0.536748 0.412789 19136 0
-0.083172 -0.159786 2.39025 1
0.468941 0.579559 19120 0
-0.134847 -0.39748 2.34535 1
0.44868 0.701698 18760 0
-0.1535 -0.52603 2.15771 1
0.436501 0.790141 17256 0
-0.160026 -0.569927 2.09769 1
0.431907 0.823348 16776 0
0.237513 -0.17887 2.43292 1
0.587139 0.587499 19456 0
0.296322 -0.389417 2.39864 1
0.610269 0.693215 19184 0
0.136593 -0.532512 2.34859 1
0.551913 0.769846 18784 0
0.12057 -0.596622 2.32966 1
0.546196 0.80479 18632 0
0.010798 -0.478837 2.35148 1
0.504099 0.742347 18808 0
-0.0183071 -0.549663 1.99948 1
0.491827 0.827168 15992 0
-0.0352045 -0.84704 1.93933 1
0.483797 1.01981 15512 0
-0.023355 -0.882178 1.85628 1
0.48877 1.06559 14848 0
0.168355 -0.484986 2.37712 1
0.563216 0.742813 19016 0
0.261473 -0.53456 2.04894 1
0.613908 0.8105 16384 0
0.279245 -0.83328 1.98425 1
0.625615 0.999789 15872 0
0.291036 -0.868401 1.90117 1
0.63664 1.04362 15208 0
40
0.0880182 -0.409089 2.37407 1
0.533093 0.705077 18992 0
0.0804828 -0.351482 2.42276 1
0.529652 0.672658 19376 0
0.0784211 -0.0289491 2.41051 1
0.529039 0.514293 19280 0
0.0982382 0.175171 2.39223 1
0.536655 0.412853 19136 0
-0.0835167 -0.159888 2.39033 1
0.468813 0.579607 19120 0
-0.134848 -0.397514 2.34538 1
0.44868 0.701711 18760 0
-0.153809 -0.526145 2.15796 1
0.43638 0.790171 17256 0
-0.160722 -0.570035 2.09829 1
0.43163 0.823318 16784 0
0.237343 -0.178965 2.43291 1
0.587077 0.587546 19456 0
0.296276 -0.389384 2.39864 1
0.610252 0.693199 19184 0
0.136581 -0.532478 2.34866 1
0.551907 0.76982 18784 0
0.120567 -0.596556 2.32975 1
0.546193 0.804743 18632 0
0.0103611 -0.478738 2.35143 1
0.503933 0.742303 18808 0
-0.0182616 -0.54969 1.99941 1
0.491848 0.827196 15992 0
-0.0353305 -0.846567 1.93913 1
0.483737 1.01957 15512 0
-0.0235074 -0.881649 1.85611 1
0.488695 1.06531 14848 0
0.168074 -0.484863 2.37689 1
0.563117 0.742775 19008 0
0.261386 -0.534567 2.04907 1
0.613862 0.810483 16392 0
0.27921 -0.832776 1.98411 1
0.625608 0.999522 15872 0
0.290986 -0.86784 1.90106 1
0.636625 1.0433 15208 0
40
0.0875498 -0.408957 2.37395 1
0.532918 0.705021 18984 0
0.0799803 -0.351463 2.42271 1
0.529467 0.672652 19376 0
0.0775005 -0.029133 2.41096 1
0.528692 0.514381 19280 0
0.0978421 0.175005 2.39221 1
0.536507 0.412935 19136 0
-0.0838699 -0.159989 2.3904 1
0.468682 0.579655 19120 0
-0.134858 -0.397546 2.34543 1
0.448677 0.701724 18760 0
-0.154054 -0.526236 2.15817 1
0.436285 0.790193 17264 0
-0.161241 -0.570109 2.09878 1
0.431426 0.823283 16784 0
0.237177 -0.179052 2.43291 1
0.587016 0.587588 19456 0
0.296233 -0.389344 2.39864 1
0.610236 0.693179 19184 0
0.13658 -0.532448 2.34873 1
0.551905 0.769797 18784 0
0.120576 -0.596493 2.32985 1
0.546194 0.804699 18632 0
0.00989266 -0.478629 2.35138 1
0.503755 0.742253 18808 0
-0.0182307 -0.5497 1.99933 1
0.491861 0.827215 15992 0
-0.0354482 -0.846036 1.93892 1
0.483681 1.0193 15504 0
-0.023652 -0.881062 1.85592 1
0.488625 1.06499 14840 0
0.167702 -0.484717 2.37663 1
0.562984 0.742728 19008 0
0.261292 -0.53458 2.04922 1
0.613813 0.810467 16392 0
0.279173 -0.832297 1.98398 1
0.6256 0.999269 15864 0
0.290934 -0.867311 1.90094 1
0.636609 1.043 15200 0
40
0.0870076 -0.408814 2.37382 1
0.532716 0.704961 18984 0
0.0794121 -0.351433 2.42266 1
0.529258 0.672641 19376 0
0.0766776 -0.0292752 2.41132 1
0.528384 0.514449 19288 0
0.0974523 0.174843 2.39219 1
0.536362 0.413015 19136 0
-0.0842513 -0.160101 2.39049 1
0.468541 0.579708 19120 0
-0.134924 -0.397586 2.34549 1
0.448654 0.701739 18760 0
-0.150389 -0.526705 2.15893 1
0.437823 0.79035 17264 0
-0.157781 -0.570359 2.09974 1
0.432928 0.823278 16792 0
0.236966 -0.179136 2.43291 1
0.586939 0.587629 19456 0
0.2962 -0.389289 2.39865 1
0.610223 0.693151 19184 0
0.136615 -0.532426 2.34888 1
0.551915 0.769768 18784 0
0.120627 -0.596431 2.33002 1
0.54621 0.804644 18640 0
0.00938527 -0.478511 2.35135 1
0.503563 0.742196 18808 0
-0.0182063 -0.549714 1.99924 1
0.491872 0.827238 15992 0
-0.0355594 -0.845512 1.9387 1
0.483628 1.01904 15504 0
-0.0237887 -0.880488 1.85572 1
0.488558 1.06468 14840 0
0.167204 -0.484545 2.37633 1
0.562805 0.742672 19008 0
0.261199 -0.534591 2.04938 1
0.613763 0.81045 16392 0
0.279133 -0.831825 1.98384 1
0.625591 0.99902 15864 0
0.290878 -0.866792 1.90083 1
0.636591 1.0427 15200 0